MEMORY
  total            14.4 MB
  struct          159.0 KB
  buffer          295.7 KB
  arena            14.0 MB, used 0.2%

SIZES
  narena                14680064
  nbuffer               302800
  nplugin               0
  maxuse_stack          2116
  maxuse_arena          29368
  maxuse_con            0
  maxuse_efc            3
  ncon                  0
  ne                    1
  nf                    0
  nl                    2
  nefc                  3
  nJ                    27
  nA                    0
  nisland               0
  threadpool            0

TIMER
    0:  duration =  0.12       number = 10
    1:  duration =  0.12       number = 10
    2:  duration =  0          number = 0
    3:  duration =  0.087      number = 10
    4:  duration =  0.0069     number = 10
    5:  duration =  0.0019     number = 10
    6:  duration =  0.016      number = 10
    7:  duration =  0.0067     number = 10
    8:  duration =  0.015      number = 10
    9:  duration =  0.004      number = 20
    10:  duration =  0.056      number = 10
    11:  duration =  0.0084     number = 10
    12:  duration =  0.00035    number = 10
    13:  duration =  0.02       number = 10
    14:  duration =  0.02       number = 10

SOLVER STAT
  solver_fwdinv =   0         0       
  ISLAND 0
    solver_niter = 1
    solver_nnz = 81
      0:  improvement =  1.9e-06     gradient =  3.8e-16     lineslope =  2.7e-19 
          nactive = 2   nchange = 0   neval = 2   nupdate = 0

ENERGY =   0         0       

TIME =  1.2     

QPOS
   3.9e-06 
  -0.78    
   0.0021  
  -3.1     
  -0.0031  
   1.6     
   0.79    
   0.04    
   0.04    

QVEL
   3.9e-06 
   0.0023  
   0.0016  
   4.2e-05 
  -0.002   
  -0.0023  
  -2.1e-06 
  -1.2e-06 
   1.4e-06 

QACC_WARMSTART
   0.0069  
  -0.051   
  -0.05    
  -0.011   
   0.075   
   0.093   
   0.0012  
   0.0014  
  -0.0014  

CTRL
   3.9e-06 
  -0.78    
   0.0021  
  -3.1     
  -0.003   
   1.6     
   0.79    
   2.6e+02 

QFRC_APPLIED
   0       
   0       
   0       
   0       
   0       
   0       
   0       
   0       
   0       

XFRC_APPLIED
   0         0         0         0         0         0       
   0         0         0         0         0         0       
   0         0         0         0         0         0       
   0         0         0         0         0         0       
   0         0         0         0         0         0       
   0         0         0         0         0         0       
   0         0         0         0         0         0       
   0         0         0         0         0         0       
   0         0         0         0         0         0       
   0         0         0         0         0         0       
   0         0         0         0         0         0       
   0         0         0         0         0         0       
   0         0         0         0         0         0       
   0         0         0         0         0         0       
   0         0         0         0         0         0       

EQ_ACTIVE             1

QACC
   0.0069  
  -0.051   
  -0.05    
  -0.011   
   0.075   
   0.093   
   0.0012  
   0.0014  
  -0.0014  

XPOS
   0         0         0       
   0         0         0       
   0         0         0.33    
   0         0         0.33    
  -0.22     -8.7e-07   0.56    
  -0.16      0.00017   0.62    
   0.18      0.0004    0.42    
   0.18      0.0004    0.42    
   0.24      0.00041   0.36    
   0.17     -0.00014   0.28    
   0.1      -0.00068   0.21    
   0.13     -0.04      0.24    
   0.13      0.04      0.24    
   0.45     -0.011     0.28    
   0.6      -0.022     0.07    

XQUAT
   1         0         0         0       
   1         0         0         0       
   1         0         0         2e-06   
   0.65     -0.65     -0.27     -0.27    
   0.93     -0.00039  -0.38      0.00096 
   0.29      0.29      0.64     -0.64    
   0.41     -0.0024    0.91     -0.00099 
   0.66      0.66      0.25     -0.25    
   0.14      0.86     -0.36     -0.33    
   0.0024    0.93      0.00097  -0.36    
   0.0024    0.93      0.00097  -0.36    
   0.0024    0.93      0.00097  -0.36    
   0.36      0.00097  -0.93      0.0024  
   1         0         0         0       
   1         0         0         0       

XMAT
   1         0         0         0         1         0         0         0         1       
   1         0         0         0         1         0         0         0         1       
   1        -3.9e-06   0         3.9e-06   1         0         0         0         1       
   0.71      0.7      -3.9e-06   2.8e-06   2.8e-06   1         0.7      -0.71     -1.4e-17 
   0.71     -0.0015   -0.7       0.0021    1        -2.8e-06   0.7      -0.0015    0.71    
  -0.66      0.75      0.0015   -0.0021    0.00015  -1        -0.75     -0.66      0.0015  
  -0.66     -0.0035    0.75     -0.0051    1         0.00015  -0.75     -0.0037   -0.66    
   0.74      0.67      0.0035    0.00011   0.0051   -1        -0.67      0.74      0.0037  
   0.53     -0.52     -0.67     -0.71     -0.71     -0.0051   -0.47      0.47     -0.74    
   0.74      0.0035   -0.67      0.00012  -1        -0.0051   -0.67      0.0037   -0.74    
   0.74      0.0035   -0.67      0.00012  -1        -0.0051   -0.67      0.0037   -0.74    
   0.74      0.0035   -0.67      0.00012  -1        -0.0051   -0.67      0.0037   -0.74    
  -0.74     -0.0035   -0.67     -0.00012   1        -0.0051    0.67     -0.0037   -0.74    
   1         0         0         0         1         0         0         0         1       
   1         0         0         0         1         0         0         0         1       

XIPOS
   0         0         0       
  -0.041    -0.00014   0.05    
   0.0039    0.0021    0.29    
  -0.022     0.0035    0.35    
  -0.16      0.039     0.53    
  -0.05     -0.027     0.59    
   0.16      0.042     0.46    
   0.21      0.011     0.37    
   0.21     -0.0043    0.31    
   0.15     -0.0003    0.27    
   0.033    -0.0012    0.13    
   0.13     -0.04      0.24    
   0.13      0.04      0.24    
   0.45     -0.011     0.28    
   1.3       0.2       0.77    

XIMAT
   1         0         0         0         1         0         0         0         1       
   0.13      0.0028    0.99      0.019    -1         0.00032   0.99      0.019    -0.13    
   0.013    -1        -0.0097    1         0.013    -0.027     0.028    -0.0094    1       
   0.04     -0.66      0.75      0.82     -0.41     -0.4       0.57      0.63      0.53    
   0.15     -0.91     -0.38      0.93      0.0036    0.37     -0.33     -0.41      0.85    
   0.18      0.43     -0.89     -0.69     -0.58     -0.42     -0.7       0.69      0.19    
  -0.73     -0.22      0.64     -0.29      0.96      0.0032   -0.62     -0.18     -0.76    
  -0.071    -0.75      0.66     -0.94     -0.17     -0.29      0.33     -0.64     -0.69    
   0.67     -0.36     -0.65     -0.61     -0.76     -0.22     -0.42      0.54     -0.73    
   0.74      0.0035   -0.67      0.00012  -1        -0.0051   -0.67      0.0037   -0.74    
   0.74      0.0035   -0.67      0.00012  -1        -0.0051   -0.67      0.0037   -0.74    
   0.74      0.0035   -0.67      0.00012  -1        -0.0051   -0.67      0.0037   -0.74    
  -0.74     -0.0035   -0.67     -0.00012   1        -0.0051    0.67     -0.0037   -0.74    
   1         0         0         0         1         0         0         0         1       
   1         0         0         0         1         0         0         0         1       

XANCHOR
   0         0         0.33    
   0         0         0.33    
  -0.22     -8.7e-07   0.56    
  -0.16      0.00017   0.62    
   0.18      0.0004    0.42    
   0.18      0.0004    0.42    
   0.24      0.00041   0.36    
   0.13     -0.00044   0.24    
   0.13     -0.00044   0.24    

XAXIS
   0         0         1       
  -3.9e-06   1         3.3e-16 
  -0.7      -2.8e-06   0.71    
   0.0015   -1         0.0015  
   0.75      0.00015  -0.66    
   0.0035   -1         0.0037  
  -0.67     -0.0051   -0.74    
   0.0035   -1         0.0037  
  -0.0035    1        -0.0037  

GEOM_XPOS
   0         0         0       
  -0.024     0.069     0.037   
  -0.025     0.073     0.037   
  -0.024    -0.065     0.063   
  -0.025    -0.073     0.063   
  -0.065    -0.066     0.048   
  -0.06      0.058     0.037   
   0.011    -0.072     0.046   
  -0.03     -3.4e-05   0.053   
  -0.025    -0.073     0.033   
  -0.024    -0.065     0.033   
   0.011     0.072     0.046   
  -0.029    -0.00088   0.057   
   2.4e-06  -0.032     0.27    
   1.2e-05  -0.031     0.26    
  -0.048     0.032     0.38    
  -0.049     0.031     0.38    
  -0.17      0.025     0.56    
  -0.2      -0.011     0.56    
  -0.14     -0.011     0.55    
  -0.16      0.08      0.61    
  -0.16      0.025     0.56    
  -0.1       0.012     0.59    
  -0.11     -0.024     0.62    
  -0.16     -0.079     0.62    
  -0.11      0.012     0.65    
  -0.11     -0.024     0.62    
   0.15      0.096     0.44    
   0.1       0.1       0.5     
   0.096     0.045     0.5     
   0.022     0.02      0.56    
   0.088     0.08      0.5     
   0.18      0.07      0.43    
   0.19      0.0055    0.39    
   0.18     -0.053     0.42    
   0.3       0.0013    0.41    
   0.3       0.011     0.42    
   0.3       0.0008    0.41    
   0.3      -0.0098    0.42    
   0.29      0.00082   0.43    
   0.28      0.00082   0.44    
   0.31      0.00078   0.4     
   0.18     -0.052     0.42    
   0.3       0.00086   0.42    
   0.3       0.00081   0.42    
   0.3       0.026     0.42    
   0.3      -0.024     0.42    
   0.19     -0.043     0.42    
   0.3       0.00081   0.42    
   0.23     -0.0079    0.39    
   0.22     -0.0057    0.39    
   0.19     -0.059     0.3     
   0.21     -0.058     0.28    
   0.19      0.045     0.3     
   0.19      0.052     0.3     
   0.19      0.053     0.3     
   0.17     -0.058     0.32    
   0.2      -0.058     0.31    
   0.19     -2.2e-05   0.31    
   0.19     -0.015     0.31    
   0.16     -0.00025   0.27    
   0.18      0.095     0.29    
   0.19      0.066     0.3     
   0.15     -0.0034    0.26    
   0.17     -0.00055   0.28    
   0.16      0.00035   0.27    
   0.12     -0.056     0.23    
   0.1      -0.045     0.21    
   0.12     -0.056     0.23    
   0.1      -0.046     0.21    
   0.11     -0.043     0.2     
   0.097    -0.043     0.21    
   0.11     -0.043     0.21    
   0.1      -0.043     0.22    
   0.12      0.055     0.23    
   0.1       0.044     0.21    
   0.12      0.055     0.23    
   0.1       0.045     0.21    
   0.097     0.041     0.21    
   0.1       0.041     0.2     
   0.1       0.041     0.22    
   0.11      0.041     0.21    
   0.45     -0.011     0.28    

GEOM_XMAT
   1         0         0         0         1         0         0         0         1       
  -0.16     -0.99      0         0.99     -0.16      0         0         0         1       
   1         0         0         0         1         0         0         0         1       
   0.99      0        -0.17     -0.17      0        -0.99      0         1         0       
   1         0         0         0         1         0         0         0         1       
   0.16     -0.99      0         0.99      0.16      0         0         0         1       
   0        -1         0         1         0         0         0         0         1       
   0.16     -0.98     -0.12      0.99      0.16      0.022    -0.0026   -0.12      0.99    
  -0.42      0.0024    0.91     -0.0015   -1         0.0019    0.91     -0.00057   0.42    
   1         0         0         0         1         0         0         0         1       
   0.99      0        -0.15     -0.15      0        -0.99      0         1         0       
  -0.16     -0.98     -0.12      0.99     -0.16     -0.022     0.0025   -0.12      0.99    
  -0.36      0.0082    0.93      0.022    -1         0.017     0.93      0.027     0.36    
   1         0.0004   -9.8e-06  -0.00037   0.93     -0.37     -0.00014   0.37      0.93    
   1        -0.00072  -7.8e-05   0.00065   0.94     -0.34      0.00032   0.34      0.94    
   0.71     -0.26     -0.65      0.00039   0.93     -0.37      0.7       0.26      0.66    
   0.71     -0.24     -0.66     -3.6e-05   0.94     -0.34      0.7       0.24      0.67    
  -0.98     -0.18      0.033     0.17     -0.9       0.4      -0.039     0.39      0.92    
  -0.61     -0.68      0.41     -0.49     -0.081    -0.87      0.62     -0.73     -0.28    
  -0.51     -0.51     -0.7       0.71     -0.7      -0.0056   -0.49     -0.5       0.72    
  -0.011    -0.99      0.13      1         0.00052   0.086    -0.085     0.13      0.99    
  -0.96     -0.29      0.018     0.27     -0.88      0.38     -0.095     0.37      0.92    
   0.46      0.47     -0.75     -0.71      0.7       0.0058    0.53      0.53      0.66    
  -0.063     0.39     -0.92      0.32     -0.86     -0.39     -0.95     -0.32     -0.071   
   0.084    -0.18     -0.98     -1        -0.00029  -0.086     0.015     0.98     -0.18    
   0.65      0.69     -0.3      -0.49      0.081    -0.87     -0.58      0.72      0.39    
  -0.09      0.37     -0.92      0.35     -0.86     -0.38     -0.93     -0.36     -0.054   
  -0.043     0.66      0.75      1         0.0089    0.05      0.027     0.75     -0.66    
  -0.66     -0.0035    0.75     -0.0051    1         0.00015  -0.75     -0.0037   -0.66    
  -0.66     -0.21      0.72     -0.0051    0.96      0.27     -0.75      0.18     -0.64    
   0.71      0.57     -0.41     -0.59      0.17     -0.79     -0.38      0.81      0.45    
  -0.19      0.67      0.72      0.97      0.01      0.24      0.16      0.75     -0.65    
  -0.66      0.7       0.29      7.9e-05   0.38     -0.92     -0.75     -0.61     -0.25    
  -0.0049   -0.95      0.32     -1        -0.014    -0.055     0.056    -0.32     -0.95    
   0.0035   -0.74     -0.67     -1        -0.00011  -0.0051    0.0037    0.67     -0.74    
   0.82     -0.091     0.57     -0.0048   -0.99     -0.15      0.58      0.12     -0.81    
   0.74      0.67      0.0035    0.00011   0.0051   -1        -0.67      0.74      0.0037  
   0.74      0.67      0.0035    0.00011   0.0051   -1        -0.67      0.74      0.0037  
   0.74      0.67      0.0035    0.00011   0.0051   -1        -0.67      0.74      0.0037  
   0.74      0.67      0.0035    0.00011   0.0051   -1        -0.67      0.74      0.0037  
   0.74      0.67      0.0035    0.00011   0.0051   -1        -0.67      0.74      0.0037  
   0.74      0.67      0.0035    0.00011   0.0051   -1        -0.67      0.74      0.0037  
   0.0035   -0.67      0.74     -1        -0.0051    0.00011   0.0037   -0.74     -0.67    
   0.81      0.021     0.58      0.005    -1         0.029     0.58     -0.021    -0.81    
   0.74      0.67      0.0035    0.00011   0.0051   -1        -0.67      0.74      0.0037  
   0.74      0.67      0.0035    0.00011   0.0051   -1        -0.67      0.74      0.0037  
   0.74      0.67      0.0035    0.00011   0.0051   -1        -0.67      0.74      0.0037  
  -0.07     -0.66      0.75     -1        -0.008    -0.099     0.071    -0.75     -0.66    
   0.81     -0.011     0.58      0.005    -1        -0.027     0.58      0.025    -0.81    
   0.22     -0.67      0.71     -0.97     -0.055     0.25     -0.13     -0.74     -0.66    
   0.11     -0.57      0.82     -0.99      0.0063    0.14     -0.086    -0.82     -0.56    
  -0.65      0.13      0.75      0.21      0.98      0.014    -0.73      0.17     -0.67    
   0.74     -0.64      0.21     -0.084     0.22      0.97     -0.66     -0.74      0.11    
   0.74     -0.67     -0.0031   -0.00041  -0.0051    1        -0.67     -0.74     -0.0041  
   0.53     -0.52     -0.67     -0.71     -0.71     -0.0051   -0.47      0.47     -0.74    
   0.53     -0.52     -0.67     -0.71     -0.71     -0.0051   -0.47      0.47     -0.74    
  -0.74     -0.66     -0.09     -0.084     0.23     -0.97      0.67     -0.71     -0.22    
  -0.64      0.18      0.74      0.27      0.96      0.00054  -0.72      0.2      -0.67    
  -0.67      0.52      0.53     -0.0031    0.71     -0.71     -0.75     -0.47     -0.47    
  -0.67     -0.74      0.033     0.049     0.00048   1        -0.74      0.67      0.036   
  -0.67     -0.74     -0.0035   -0.0051   -0.00012   1        -0.74      0.67     -0.0037  
   0.74     -0.23     -0.63      0.00012  -0.94      0.35     -0.67     -0.26     -0.7     
   0.74     -0.67     -0.0035    0.00012  -0.0051    1        -0.67     -0.74     -0.0037  
   0.74     -0.67     -0.011     0.00012  -0.016     1        -0.67     -0.74     -0.012   
  -0.67      0.048     0.74     -0.0046    1        -0.068    -0.74     -0.049    -0.67    
   0.74     -0.67      0.014     0.00035   0.021     1        -0.67     -0.74      0.016   
  -0.048    -0.74     -0.67     -1        -0.00012   0.071    -0.053     0.67     -0.74    
   0.0035   -0.74     -0.67     -1        -0.00012  -0.0051    0.0037    0.67     -0.74    
  -0.048    -0.74     -0.67     -1        -0.00012   0.071    -0.053     0.67     -0.74    
   0.74      0.0035   -0.67      0.00012  -1        -0.0051   -0.67      0.0037   -0.74    
   0.74      0.0035   -0.67      0.00012  -1        -0.0051   -0.67      0.0037   -0.74    
   0.74      0.0035   -0.67      0.00012  -1        -0.0051   -0.67      0.0037   -0.74    
   0.74      0.0035   -0.67      0.00012  -1        -0.0051   -0.67      0.0037   -0.74    
   0.74      0.0035   -0.67      0.00012  -1        -0.0051   -0.67      0.0037   -0.74    
  -0.055     0.74     -0.67      1         0.00012  -0.082    -0.061    -0.67     -0.74    
  -0.0035    0.74     -0.67      1         0.00012  -0.0051   -0.0037   -0.67     -0.74    
  -0.055     0.74     -0.67      1         0.00012  -0.082    -0.061    -0.67     -0.74    
  -0.74     -0.0035   -0.67     -0.00012   1        -0.0051    0.67     -0.0037   -0.74    
  -0.74     -0.0035   -0.67     -0.00012   1        -0.0051    0.67     -0.0037   -0.74    
  -0.74     -0.0035   -0.67     -0.00012   1        -0.0051    0.67     -0.0037   -0.74    
  -0.74     -0.0035   -0.67     -0.00012   1        -0.0051    0.67     -0.0037   -0.74    
  -0.74     -0.0035   -0.67     -0.00012   1        -0.0051    0.67     -0.0037   -0.74    
   1         0         0         0         1         0         0         0         1       

SITE_XPOS
   0.1      -0.00068   0.21    
   0.45     -0.011     0.28    
   0.6      -0.022     0.07    

SITE_XMAT
   0.74      0.0035   -0.67      0.00012  -1        -0.0051   -0.67      0.0037   -0.74    
   1         0         0         0         1         0         0         0         1       
   1         0         0         0         1         0         0         0         1       

LIGHT_XPOS
  -0.025    -0.0032    1.8     
   0         0         1.5     

LIGHT_XDIR
   0         0        -1       
   0         0        -1       

SUBTREE_COM
   0.14      0.0011    0.37    
   0.0067    0.0062    0.41    
   0.0085    0.0064    0.42    
   0.01      0.0082    0.48    
   0.012     0.0085    0.48    
   0.08     -0.004     0.47    
   0.19      0.015     0.37    
   0.2       0.0046    0.33    
   0.18     -0.0023    0.29    
   0.15     -0.0003    0.27    
   0.033    -0.0012    0.13    
   0.13     -0.04      0.24    
   0.13      0.04      0.24    
   0.45     -0.011     0.28    
   1.3       0.2       0.77    

CDOF
   0         0         1        -0.0062    0.0067    0       
  -3.9e-06   1         3.3e-16   0.074     2.9e-07  -0.0067  
  -0.7      -2.8e-06   0.71     -0.0044    0.057    -0.0043  
   0.0015   -1         0.0015    0.21      0.00056   0.17    
   0.75      0.00015  -0.66      0.0038    0.13      0.0043  
   0.0035   -1         0.0037    0.016    -0.00059  -0.17    
  -0.67     -0.0051   -0.74      0.0041    0.21     -0.0051  
   0         0         0         0.0035   -1         0.0037  
   0         0         0        -0.0035    1        -0.0037  

CINERT
   0         0         0         0         0         0         0         0         0         0       
   0.084     0.086     0.0057   -0.00019  -0.011    -0.0014   -0.03     -0.004    -0.23      0.63    
   0.78      0.78      0.0092   -0.0002    0.0051    0.017    -0.014    -0.02     -0.61      5       
   0.016     0.029     0.023     0.0077   -0.011     0.0066   -0.019    -0.0017   -0.036     0.65    
   0.088     0.17      0.1       0.023     0.077    -0.026    -0.52      0.11      0.4       3.2     
   0.13      0.16      0.046    -0.014     0.038     0.026    -0.2      -0.12      0.64      3.6     
   0.029     0.061     0.049    -0.005     0.0045   -0.00074   0.19      0.043     0.062     1.2     
   0.0052    0.079     0.075    -0.00099   0.013    -0.00076   0.35      0.0078   -0.058     1.7     
   0.016     0.048     0.038    -0.00028   0.011    -0.00095   0.15     -0.0077   -0.07      0.74    
   0.015     0.031     0.016     0.00065   0.014    -0.00065   0.1      -0.0047   -0.1       0.73    
   0         0         0         0         0         0         0        -0        -0         0       
   0.00045   0.00066   0.00028   8.9e-05   0.00032  -0.00012   0.0019   -0.0007   -0.0025    0.015   
   0.00043   0.00066   0.00026  -6.4e-05   0.00032   8.3e-05   0.0019    0.0005   -0.0025    0.015   
   0.042     0.042     0.042     0         0         0         0         0         0         7.2     
   0         0         0         0         0         0         0         0         0         0       

TEN_LENGTH
   0.04    

TEN_MOMENT
   0         0         0         0         0         0         0         0.5       0.5     

TENDON 0: 0 wrap points

ACTUATOR_LENGTH
   3.9e-06 
  -0.78    
   0.0021  
  -3.1     
  -0.003   
   1.6     
   0.79    
   0.04    

actuator_moment
-----------
 x         |
  x        |
   x       |
    x      |
     x     |
      x    |
       x   |
        xx |
-----------

ACTUATOR_MOMENT
     0:  1       
     1:  1       
     2:  1       
     3:  1       
     4:  1       
     5:  1       
     6:  1       
     7:  0.5        8:  0.5     

CRB
   0         0         0         0         0         0         0         0         0         0       
   1.2       1.4       0.36      0.011     0.14      0.019     6.9e-18   1.1e-17   7.5e-16   17      
   1.1       1.4       0.36      0.011     0.15      0.021     0.03      0.004     0.23      17      
   0.3       0.57      0.35      0.011     0.15      0.004     0.044     0.024     0.83      12      
   0.29      0.55      0.33      0.0033    0.16     -0.0026    0.063     0.026     0.87      11      
   0.2       0.38      0.23     -0.02      0.082     0.023     0.59     -0.081     0.47      8       
   0.066     0.22      0.18     -0.0056    0.044    -0.0031    0.79      0.039    -0.17      4.4     
   0.037     0.16      0.13     -0.00059   0.039    -0.0024    0.6      -0.0048   -0.23      3.2     
   0.032     0.08      0.055     0.0004    0.026    -0.0016    0.26     -0.013    -0.18      1.5     
   0.016     0.032     0.016     0.00068   0.015    -0.00069   0.11     -0.0049   -0.11      0.76    
   0         0         0         0         0         0         0        -0        -0         0       
   0.00045   0.00066   0.00028   8.9e-05   0.00032  -0.00012   0.0019   -0.0007   -0.0025    0.015   
   0.00043   0.00066   0.00026  -6.4e-05   0.00032   8.3e-05   0.0019    0.0005   -0.0025    0.015   
   0.042     0.042     0.042     0         0         0         0         0         0         7.2     
   0         0         0         0         0         0         0         0         0         0       

QM
   0.46    
  -0.0083    0.86    
   0.13     -0.012     0.36    
  -0.013    -0.3      -0.021     1.1     
   0.014    -0.0033   -0.011     0.023     0.14    
   0.001    -0.039    -0.00057   0.13      0.00083   0.15    
  -0.0052    0.00093  -0.0007   -0.0013    0.00016  -0.0016    0.11    
  -0.002    -1.2e-05  -0.00047   2.2e-05  -0.0025    2.6e-08   2.6e-18   0.11    
   0.002     1.2e-05   0.00047  -2.2e-05   0.0025   -2.6e-08  -2.6e-18             0.12    

QLD
     0:  0.41    
     0: -0.007      1:  0.78    
     0:  0.37       1: -0.051      2:  0.36    
     0: -0.017      1: -0.28       2: -0.02       3:  0.94    
     0:  0.099      1: -0.022      2: -0.08       3:  0.16       4:  0.14    
     0:  0.006      1: -0.25       2: -0.0038     3:  0.83       4:  0.0054     5:  0.15    
     0: -0.049      1:  0.0087     2: -0.0065     3: -0.012      4:  0.0015     5: -0.015      6:  0.11    
     0: -0.018      1: -0.00011    2: -0.0041     3:  0.00019    4: -0.022      5:  2.2e-07    6:  2.3e-17    7:  0.11    
     0:  0.018      1:  0.00011    2:  0.0041     3: -0.00019    4:  0.022      5: -2.2e-07    6: -2.3e-17    8:  0.12    

QLDIAGINV
   2.5     
   1.3     
   2.8     
   1.1     
   7       
   6.5     
   9.4     
   8.7     
   8.7     

QH
     0:  1.3     
     0: -0.0049     1:  1.7     
     0:  0.13       1: -0.015      2:  1.1     
     0: -0.0078     1: -0.17       2: -0.012      3:  1.7     
     0:  0.026      1: -0.006      2: -0.021      3:  0.042      4:  0.55    
     0:  0.0018     1: -0.07       2: -0.001      3:  0.23       4:  0.0015     5:  0.56    
     0: -0.01       1:  0.0018     2: -0.0014     3: -0.0025     4:  0.00031    5: -0.0031     6:  0.51    
     0: -0.017      1: -0.0001     2: -0.0039     3:  0.00018    4: -0.02       5:  2.1e-07    6:  2.1e-17    7:  0.12    
     0:  0.017      1:  0.0001     2:  0.0039     3: -0.00018    4:  0.02       5: -2.1e-07    6: -2.1e-17    8:  0.12    

QHDIAGINV
   0.74    
   0.58    
   0.94    
   0.58    
   1.8     
   1.8     
   2       
   8.2     
   8.2     

B: body-dof matrix
-----------
 xxxxxxxxx |
 xxxxxxxxx |
 xxxxxxxxx |
 xxxxxxxxx |
 xxxxxxxxx |
 xxxxxxxxx |
 xxxxxxxxx |
 xxxxxxxxx |
 xxxxxxxxx |
 xxxxxxxxx |
 xxxxxxx   |
 xxxxxxxx  |
 xxxxxxx x |
           |
           |
-----------

B_rownnz              9 9 9 9 9 9 9 9 9 9 7 8 8 0 0

B_rowadr              0 9 18 27 36 45 54 63 72 81 90 97 105 113 113

B_colind              0 1 2 3 4 5 6 7 8 0 1 2 3 4 5 6 7 8 0 1 2 3 4 5 6 7 8 0 1 2 3 4 5 6 7 8 0 1 2 3 4 5 6 7 8 0 1 2 3 4 5 6 7 8 0 1 2 3 4 5 6 7 8 0 1 2 3 4 5 6 7 8 0 1 2 3 4 5 6 7 8 0 1 2 3 4 5 6 7 8 0 1 2 3 4 5 6 0 1 2 3 4 5 6 7 0 1 2 3 4 5 6 8

M: inertia matrix
-----------
 x         |
 xx        |
 xxx       |
 xxxx      |
 xxxxx     |
 xxxxxx    |
 xxxxxxx   |
 xxxxxxxx  |
 xxxxxxx x |
-----------

M_rownnz              1 2 3 4 5 6 7 8 8

M_rowadr              0 1 3 6 10 15 21 28 36

M_colind              0 0 1 0 1 2 0 1 2 3 0 1 2 3 4 0 1 2 3 4 5 0 1 2 3 4 5 6 0 1 2 3 4 5 6 7 0 1 2 3 4 5 6 8

mapM2M                0 2 1 5 4 3 9 8 7 6 14 13 12 11 10 20 19 18 17 16 15 27 26 25 24 23 22 21 35 34 33 32 31 30 29 28 43 42 41 40 39 38 37 36

C: reduced dof-dof matrix
-----------
 x         |
 xx        |
 xxx       |
 xxxx      |
 xxxxx     |
 xxxxxx    |
 xxxxxxx   |
 xxxxxxxx  |
 xxxxxxx x |
-----------

C_rownnz              1 2 3 4 5 6 7 8 8

C_rowadr              0 1 3 6 10 15 21 28 36

C_colind              0 0 1 0 1 2 0 1 2 3 0 1 2 3 4 0 1 2 3 4 5 0 1 2 3 4 5 6 0 1 2 3 4 5 6 7 0 1 2 3 4 5 6 8

mapM2C                0 2 1 5 4 3 9 8 7 6 14 13 12 11 10 20 19 18 17 16 15 27 26 25 24 23 22 21 35 34 33 32 31 30 29 28 43 42 41 40 39 38 37 36

D: dof-dof matrix
-----------
 Dxxxxxxxx |
 xDxxxxxxx |
 xxDxxxxxx |
 xxxDxxxxx |
 xxxxDxxxx |
 xxxxxDxxx |
 xxxxxxDxx |
 xxxxxxxD  |
 xxxxxxx D |
-----------

D_rownnz              9 9 9 9 9 9 9 8 8

D_rowadr              0 9 18 27 36 45 54 63 71

D_colind              0 1 2 3 4 5 6 7 8 0 1 2 3 4 5 6 7 8 0 1 2 3 4 5 6 7 8 0 1 2 3 4 5 6 7 8 0 1 2 3 4 5 6 7 8 0 1 2 3 4 5 6 7 8 0 1 2 3 4 5 6 7 8 0 1 2 3 4 5 6 7 0 1 2 3 4 5 6 8

mapM2D                0 2 5 9 14 20 27 35 43 2 1 4 8 13 19 26 34 42 5 4 3 7 12 18 25 33 41 9 8 7 6 11 17 24 32 40 14 13 12 11 10 16 23 31 39 20 19 18 17 16 15 22 30 38 27 26 25 24 23 22 21 29 37 35 34 33 32 31 30 29 28 43 42 41 40 39 38 37 36

mapD2M                0 10 9 20 19 18 30 29 28 27 40 39 38 37 36 50 49 48 47 46 45 60 59 58 57 56 55 54 70 69 68 67 66 65 64 63 78 77 76 75 74 73 72 71

QDERIV
     0: -4.5e+02    1:  0          2:  0          3:  0          4:  0          5:  0          6:  0          7:  0          8:  0       
     0:  0          1: -4.5e+02    2:  0          3:  0          4:  0          5:  0          6:  0          7:  0          8:  0       
     0:  0          1:  0          2: -3.5e+02    3:  0          4:  0          5:  0          6:  0          7:  0          8:  0       
     0:  0          1:  0          2:  0          3: -3.5e+02    4:  0          5:  0          6:  0          7:  0          8:  0       
     0:  0          1:  0          2:  0          3:  0          4: -2e+02      5:  0          6:  0          7:  0          8:  0       
     0:  0          1:  0          2:  0          3:  0          4:  0          5: -2e+02      6:  0          7:  0          8:  0       
     0:  0          1:  0          2:  0          3:  0          4:  0          5:  0          6: -2e+02      7:  0          8:  0       
     0:  0          1:  0          2:  0          3:  0          4:  0          5:  0          6:  0          7: -3.5     
     0:  0          1:  0          2:  0          3:  0          4:  0          5:  0          6:  0          8: -3.5     

CONTACT
EFC_TYPE
  0
  3
  3

EFC_ID
  0
  3
  8

EFC_J
   0         0         0         0         0         0         0         1        -1       
   0         0         0         1         0         0         0         0         0       
   0         0         0         0         0         0         0         0        -1       

EFC_POS
  -4.8e-08 
  -0.0012  
  -1.3e-08 

EFC_MARGIN
   0       
   0       
   0       

EFC_FRICTIONLOSS
   0       
   0       
   0       

EFC_DIAGAPPROX
   17      
   3.9     
   8.7     

EFC_KBIP
   4.1e+04   4e+02     0.95     -0.0076  
   2.8e+03   1.1e+02   0.95      0       
   2.8e+03   1.1e+02   0.9      -0.0025  

EFC_D
   1.1     
   4.9     
   1       

EFC_R
   0.92    
   0.21    
   0.97    

TEN_VELOCITY
   1.2e-07 

ACTUATOR_VELOCITY
   4.1e-06 
   0.0023  
   0.0016  
   3.4e-05 
  -0.002   
  -0.0024  
  -2.2e-06 
   1.2e-07 

CVEL
   0         0         0         0         0         0       
   0         0         0         0         0         0       
   0         0         4.1e-06  -2.5e-08   2.7e-08   0       
  -9.2e-09   0.0023    4.1e-06   0.00017   2.8e-08  -1.6e-05 
  -0.0011    0.0023    0.0011    0.00017   9.1e-05  -2.2e-05 
  -0.0011    0.0023    0.0011    0.00017   9.1e-05  -1.7e-05 
  -0.0026    0.0023    0.0025    0.00017  -0.00016  -2.5e-05 
  -0.0026    0.0047    0.0025    0.00013  -0.00016   0.00039 
  -0.0026    0.0047    0.0025    0.00013  -0.00016   0.00039 
  -0.0026    0.0047    0.0025    0.00013  -0.00016   0.00039 
  -0.0026    0.0047    0.0025    0.00013  -0.00016   0.00039 
  -0.0026    0.0047    0.0025    0.00013  -0.00016   0.00039 
  -0.0026    0.0047    0.0025    0.00013  -0.00016   0.00039 
   0         0         0         0         0         0       
   0         0         0         0         0         0       

CDOF_DOT
   0         0         0         0         0         0       
  -4.1e-06  -1.6e-11   0        -1.2e-12   3e-07    -2.5e-08 
   0.0017   -2.8e-06   0.0016   -1e-05    -0.00011   1e-05   
   0.0012    3.4e-06   0.0011    0.00037   0.00043  -0.00065 
  -0.0015    0.00011  -0.0017   -0.0002    0.00011  -0.00022 
   0.0025    1.9e-05   0.0026   -0.00042  -0.00041  -0.0002  
  -0.0035   -0.0036    0.0031   -0.00041  -0.00017  -0.00067 
   0         0        -0         0.0025    1.9e-05   0.0026  
   0         0        -0        -0.0025   -1.9e-05  -0.0026  

QFRC_BIAS
  -6.9e-07 
  -1.2     
  -0.65    
   19      
   0.47    
   0.56    
   0.021   
   0.00055 
  -0.00055 

QFRC_SPRING
   0       
   0       
   0       
   0       
   0       
   0       
   0       
   0       
   0       

QFRC_DAMPER
  -4.1e-06 
  -0.0023  
  -0.0016  
  -3.4e-05 
   0.002   
   0.0024  
   2.2e-06 
   1.6e-06 
  -1.9e-06 

QFRC_GRAVCOMP
   0       
   0       
   0       
   0       
   0       
   0       
   0       
   0       
   0       

QFRC_FLUID
   0       
   0       
   0       
   0       
   0       
   0       
   0       
   0       
   0       

QFRC_PASSIVE
  -4.1e-06 
  -0.0023  
  -0.0016  
  -3.4e-05 
   0.002   
   0.0024  
   2.2e-06 
   1.6e-06 
  -1.9e-06 

EFC_VEL
  -3.5e-06 
   3.4e-05 
  -1.9e-06 

EFC_AREF
   0.0033  
   3.1     
   0.00023 

SUBTREE_LINVEL
   0         0         0       
   0         0         0       
   0         0         0       
   0         0         0       
   0         0         0       
   0         0         0       
   0         0         0       
   0         0         0       
   0         0         0       
   0         0         0       
   0         0         0       
   0         0         0       
   0         0         0       
   0         0         0       
   0         0         0       

SUBTREE_ANGMOM
   0         0         0       
   0         0         0       
   0         0         0       
   0         0         0       
   0         0         0       
   0         0         0       
   0         0         0       
   0         0         0       
   0         0         0       
   0         0         0       
   0         0         0       
   0         0         0       
   0         0         0       
   0         0         0       
   0         0         0       

ACTUATOR_FORCE
  -0.0018  
  -1.2     
  -0.67    
   4.1     
   0.48    
   0.57    
   0.021   
  -5.9e-08 

QFRC_ACTUATOR
  -0.0018  
  -1.2     
  -0.67    
   4.1     
   0.48    
   0.57    
   0.021   
  -2.9e-08 
  -2.9e-08 

QFRC_SMOOTH
  -0.0018  
  -0.044   
  -0.017   
  -15      
   0.011   
   0.015   
  -4.2e-05 
  -0.00055 
   0.00055 

QACC_SMOOTH
  -0.4     
  -5.6     
  -1       
  -17      
   2.7     
   13      
   0.0041  
   0.044   
  -0.044   

EFC_B
   0.085   
  -21      
   0.044   

EFC_FORCE
   0.00053 
   15      
   0       

EFC_STATE
  1
  1
  0

QFRC_CONSTRAINT
   0       
   0       
   0       
   15      
   0       
   0       
   0       
   0.00053 
  -0.00053 

QFRC_INVERSE
   0       
   0       
   0       
   0       
   0       
   0       
   0       
   0       
   0       

CACC
   0         0         0         0         0         0       
   0         0         0         0         0         0       
   0         0         0         0         0         0       
   0         0         0         0         0         0       
   0         0         0         0         0         0       
   0         0         0         0         0         0       
   0         0         0         0         0         0       
   0         0         0         0         0         0       
   0         0         0         0         0         0       
   0         0         0         0         0         0       
   0         0         0         0         0         0       
   0         0         0         0         0         0       
   0         0         0         0         0         0       
   0         0         0         0         0         0       
   0         0         0         0         0         0       

CFRC_INT
   0         0         0         0         0         0       
   0         0         0         0         0         0       
   0         0         0         0         0         0       
   0         0         0         0         0         0       
   0         0         0         0         0         0       
   0         0         0         0         0         0       
   0         0         0         0         0         0       
   0         0         0         0         0         0       
   0         0         0         0         0         0       
   0         0         0         0         0         0       
   0         0         0         0         0         0       
   0         0         0         0         0         0       
   0         0         0         0         0         0       
   0         0         0         0         0         0       
   0         0         0         0         0         0       

CFRC_EXT
   0         0         0         0         0         0       
   0         0         0         0         0         0       
   0         0         0         0         0         0       
   0         0         0         0         0         0       
   0         0         0         0         0         0       
   0         0         0         0         0         0       
   0         0         0         0         0         0       
   0         0         0         0         0         0       
   0         0         0         0         0         0       
   0         0         0         0         0         0       
   0         0         0         0         0         0       
   0         0         0         0         0         0       
   0         0         0         0         0         0       
   0         0         0         0         0         0       
   0         0         0         0         0         0       

TENDON_EFCADR         -1

